0000000000110000
0000000001000000
0000000011000000
0000000000100000
0000000010100000
0000000001010000
0000000010010000
0000000001100000
0000000000010000
0000000011010000
0000000010110000
0000000000000000
0000000000110000
0000000011100000
0000000001010000
0000000010010000
0000000001100000
0000000011110000
0000000001010000
0000000001110000
0000000010010000
0000000011000000
0000000011100000
0000000010100000
0000000001010000
0000000000010000
0000000011110000
0000000010010000
0000000000110000
0000000011100000
0000000011100000
0000000001110000
0000000000010000
0000000010000000
0000000011100000
0000000000010000
0000000001100000
0000000011010000
0000000010110000
0000000011100000
0000000001110000
0000000011010000
0000000010110000
0000000000000000
0000000000000000
0000000001110000
0000000011010000
0000000011000000
0000000000110000
0000000011110000
0000000011000000
0000000011010000
0000000011100000
0000000011000000
0000000000010000
0000000001010000
0000000011110000
0000000001100000
0000000000000000
0000000011110000
0000000010100000
0000000011100000
0000000000110000
0000000000110000
0000000011000000
0000000001110000
0000000001100000
0000000011010000
0000000001110000
0000000010110000
0000000001100000
0000000010010000
0000000011100000
0000000001000000
0000000001110000
0000000010110000
0000000000000000
0000000001100000
0000000010110000
0000000001110000
0000000000100000
0000000001000000
0000000011000000
0000000011010000
0000000001110000
0000000000110000
0000000010110000
0000000000010000
0000000011010000
0000000010100000
0000000010000000
0000000001110000
0000000000000000
0000000001010000
0000000000110000
0000000000110000
0000000000110000
0000000000100000
0000000011100000
0000000000100000
