0000001100000000
0000000001000000
0000001101000000
0000000111000000
0000000110000000
0000001110000000
0000000010000000
0000000100000000
0000001100000000
0000001100000000
0000001110000000
0000000100000000
0000000101000000
0000000101000000
0000000101000000
0000000011000000
0000001101000000
0000000011000000
0000000101000000
0000001110000000
0000001101000000
0000001110000000
0000001011000000
0000000000000000
0000000111000000
0000001101000000
0000000101000000
0000000010000000
0000001001000000
0000001011000000
0000001000000000
0000000111000000
0000001100000000
0000001110000000
0000000010000000
0000001111000000
0000000010000000
0000000010000000
0000000001000000
0000000000000000
0000000100000000
0000001100000000
0000000101000000
0000000100000000
0000001100000000
0000001110000000
0000001110000000
0000001111000000
0000000111000000
0000001110000000
0000000001000000
0000000111000000
0000000100000000
0000001000000000
0000000000000000
0000001001000000
0000001010000000
0000001100000000
0000001000000000
0000000000000000
0000000111000000
0000000000000000
0000000010000000
0000001011000000
0000000011000000
0000001001000000
0000001111000000
0000000000000000
0000001101000000
0000000111000000
0000001000000000
0000000100000000
0000000111000000
0000001000000000
0000000010000000
0000001001000000
0000000101000000
0000000011000000
0000000110000000
0000001100000000
0000000111000000
0000000111000000
0000000110000000
0000001111000000
0000000010000000
0000000001000000
0000000100000000
0000001001000000
0000001001000000
0000000110000000
0000001000000000
0000001010000000
0000000001000000
0000000101000000
0000001001000000
0000000000000000
0000001100000000
0000000010000000
0000000111000000
0000000111000000
