0000
0000
0000
0010
0000
0100
0010
0000
0100
0000
0110
0000
0000
0000
0110
0000
0000
0010
0000
0110
0000
0100
0010
0000
0000
0110
0000
0000
0010
0100
0000
0010
0100
0000
0110
0000
0000
0010
0000
0000
0000
0100
0010
0000
0100
0000
0110
0000
0010
0110
0000
0000
0100
0000
0000
0010
0000
0100
0000
0010
0000
0000
0110
0000
0010
0000
0100
0000
0010
0100
0000
0010
0000
0000
0100
0010
0000
0000
0110
0000
0010
0100
0010
0100
0000
0000
0010
0000
0100
0010
0000
0100
0000
0010
0000
0000
0000
0100
0010
0010
