0001110000000000
0000100000000000
0010010000000000
0000010000000000
0011100000000000
0010100000000000
0011100000000000
0001110000000000
0001100000000000
0011010000000000
0010110000000000
0011100000000000
0001010000000000
0010010000000000
0010010000000000
0010110000000000
0000000000000000
0001110000000000
0001110000000000
0001000000000000
0000100000000000
0011100000000000
0010110000000000
0000100000000000
0001000000000000
0010000000000000
0011010000000000
0001000000000000
0000100000000000
0010010000000000
0000110000000000
0010110000000000
0001000000000000
0001000000000000
0000000000000000
0000110000000000
0010000000000000
0010000000000000
0001100000000000
0000010000000000
0010100000000000
0011100000000000
0011100000000000
0011100000000000
0011100000000000
0000010000000000
0011000000000000
0001000000000000
0010000000000000
0010000000000000
0011000000000000
0011110000000000
0010110000000000
0011100000000000
0010000000000000
0000110000000000
0001010000000000
0011010000000000
0010110000000000
0001110000000000
0001000000000000
0001000000000000
0011100000000000
0000110000000000
0011010000000000
0001010000000000
0001000000000000
0011110000000000
0010110000000000
0001010000000000
0000100000000000
0011100000000000
0000000000000000
0001110000000000
0000010000000000
0011010000000000
0000010000000000
0011110000000000
0001100000000000
0011110000000000
0011000000000000
0000000000000000
0000000000000000
0000100000000000
0011100000000000
0000100000000000
0011110000000000
0011110000000000
0000100000000000
0000000000000000
0001100000000000
0010000000000000
0001110000000000
0010000000000000
0010000000000000
0010110000000000
0001110000000000
0010100000000000
0001110000000000
0011000000000000
