0000
0000
0000
0000
1000
0000
0000
1000
0000
1000
0000
0000
1000
0000
0000
1000
1000
1000
0000
1000
0000
1000
1000
0000
1000
0000
1000
0000
1000
0000
1000
0000
1000
0000
1000
0000
1000
0000
1000
0000
0000
1000
0000
1000
0000
1000
0000
0000
0000
1000
0000
0000
1000
0000
1000
0000
0000
1000
0100
1000
0000
1000
0000
1000
1000
0000
1000
0000
1000
0000
1000
0000
0000
0000
1000
0000
1000
1000
0000
0000
1000
0000
0000
1000
1000
0000
0000
0000
1000
0000
0000
0000
0000
1000
1000
0000
0000
1000
0000
1000
