0000000000111000
0000000000010100
0000000000011100
0000000000111000
0000000000001000
0000000000001100
0000000000011000
0000000000110000
0000000000111000
0000000000001000
0000000000101000
0000000000010100
0000000000111100
0000000000010100
0000000000111100
0000000000001000
0000000000001000
0000000000000100
0000000000000000
0000000000110100
0000000000110100
0000000000011000
0000000000100000
0000000000011100
0000000000100000
0000000000000100
0000000000000000
0000000000101000
0000000000001000
0000000000000000
0000000000001100
0000000000001100
0000000000100000
0000000000110000
0000000000111100
0000000000000100
0000000000100100
0000000000000000
0000000000101000
0000000000101000
0000000000001000
0000000000100100
0000000000010100
0000000000110000
0000000000000000
0000000000111000
0000000000111100
0000000000101100
0000000000110000
0000000000011100
0000000000100100
0000000000111100
0000000000100000
0000000000110100
0000000000000000
0000000000100100
0000000000011000
0000000000111100
0000000000100100
0000000000010000
0000000000011000
0000000000011100
0000000000000000
0000000000010100
0000000000010000
0000000000000100
0000000000010000
0000000000100100
0000000000110100
0000000000000000
0000000000111100
0000000000111000
0000000000001000
0000000000010100
0000000000011000
0000000000101100
0000000000011000
0000000000010100
0000000000111100
0000000000000000
0000000000011100
0000000000111000
0000000000010100
0000000000111000
0000000000001100
0000000000101100
0000000000011000
0000000000000100
0000000000110100
0000000000000000
0000000000111100
0000000000111000
0000000000001100
0000000000101100
0000000000000000
0000000000001000
0000000000100000
0000000000101000
0000000000000100
0000000000101000
