0000
0000
0000
0010
0000
0001
0011
0000
0010
0001
0010
0000
0000
0011
0000
0010
0001
0000
0000
0000
0010
0001
0010
0000
0000
0000
0000
0011
0000
0000
0000
0011
0000
0000
0010
0000
0001
0010
0000
0000
0000
0001
0010
0000
0000
0010
0001
0010
0011
0000
0000
0011
0000
0000
0010
0000
0001
0010
0000
0000
0011
0000
0000
0010
0000
0001
0000
0010
0000
0000
0010
0001
0010
0000
0001
0010
0001
0010
0000
0000
0001
0010
0010
0001
0000
0010
0001
0000
0011
0000
0000
0010
0000
0011
0000
0000
0000
0001
0010
0000
