0000000000000001
1100000000000001
1100000000000011
1100000000000010
1000000000000000
1100000000000010
0100000000000001
0100000000000011
1100000000000010
1000000000000010
0100000000000010
0000000000000010
0000000000000001
0000000000000001
1000000000000010
1100000000000010
0000000000000010
1100000000000011
1100000000000010
1000000000000001
0000000000000010
0000000000000000
1000000000000000
1100000000000010
1100000000000001
1100000000000001
0100000000000000
1000000000000011
0000000000000000
1000000000000001
1100000000000011
1100000000000011
0000000000000011
1100000000000010
0100000000000011
0100000000000001
0100000000000011
1100000000000010
1000000000000011
1100000000000011
1100000000000001
0000000000000010
0000000000000000
0000000000000010
0000000000000001
1000000000000001
1000000000000010
0100000000000010
0100000000000000
1100000000000010
0000000000000000
1100000000000010
1100000000000001
1000000000000010
1000000000000010
1000000000000011
0000000000000001
1000000000000010
0000000000000001
0100000000000010
1100000000000001
1100000000000010
0000000000000011
1000000000000010
0000000000000000
0100000000000010
0000000000000010
1000000000000010
1000000000000010
1000000000000011
0000000000000010
0100000000000011
0100000000000011
0000000000000000
1000000000000011
1100000000000010
1100000000000010
0000000000000011
1000000000000000
1000000000000010
1000000000000001
1100000000000000
1100000000000001
1000000000000010
0100000000000001
1000000000000001
1100000000000000
0100000000000011
0000000000000010
1000000000000001
1000000000000001
0000000000000000
0100000000000011
1100000000000001
1100000000000011
0100000000000010
0000000000000011
1100000000000000
0000000000000011
0100000000000001
